version: 1
creator: callgrind-3.10.1
pid: 14515
cmd:  alloctest
part: 1


desc: I1 cache: 
desc: D1 cache: 
desc: LL cache: 

desc: Timerange: Basic block 0 - 3892617923
desc: Trigger: Program termination

positions: line
events: Ir
summary: 520540051


ob=(5) /afs/.ir.stanford.edu/users/e/m/emjobson/Documents/CS107/a7_shared/alloctest
fl=(131) /afs/.ir/users/e/m/emjobson/Documents/CS107/a7_shared/segment.c
fn=(650) extend_heap_segment
47 155276
+1 116457
+2 155276
+1 77638
+1 155276
+1 621104
+2 155276
+1 232914
cob=(3) /lib/x86_64-linux-gnu/libc-2.19.so
cfi=(90) /build/eglibc-3GlaMS/eglibc-2.19/misc/../sysdeps/unix/syscall-template.S
cfn=(656) mprotect
calls=42381 +25 
* 194095
* 38819
* 77638
+2 38819
+1 77638

fn=(658) heap_segment_start
19 8399756
+1 4199878
+1 8399756

fn=(660) heap_segment_size
24 9203050
+1 4601525
+1 9203050

fl=(59) ???
fn=(262) __libc_csu_init
0 16
cob=(2) ???
cfi=(14) ???
cfn=(264) 0x0000000000400e10
calls=1 0 
0 6
0 7
cfn=(268) 0x00000000004011c0
calls=1 0 
0 15
0 11

fn=(268)
0 15

fn=(242) 0x0000000000401104
0 11
cob=(3)
cfi=(62) /build/eglibc-3GlaMS/eglibc-2.19/csu/libc-start.c
cfn=(256) (below main)
calls=1 133 
0 520436569
cob=(1) /lib/x86_64-linux-gnu/ld-2.19.so
cfi=(60) /build/eglibc-3GlaMS/eglibc-2.19/elf/../sysdeps/x86_64/dl-trampoline.S
cfn=(250) _dl_runtime_resolve
calls=1 34 
0 932
0 5

fl=(132) /afs/.ir/users/e/m/emjobson/Documents/CS107/a7_shared/fcyc.c
fn=(682) fsecs
cfn=(708) fcyc
calls=1 185 
102 26031960
cfn=(708)
calls=11 185 
102 494404407

fn=(708)
cfi=(67) /afs/.ir/users/e/m/emjobson/Documents/CS107/a7_shared/alloctest.c
cfn=(724) eval_performance
calls=140 369 
193 520436367

fl=(130) /afs/.ir/users/e/m/emjobson/Documents/CS107/a7_shared/allocator.c
fn=(670) mymalloc
434 2248704
-3 5621760
118 1124352
431 1124352
118 1124352
431 1124352
257 2248704
436 3898452
183 1918808
+1 673437
+3 11156936
+86 349999
+1 699998
-87 6067200
+86 758400
+1 1516800
-1 3542009
+1 10525828
131 1730119
274 3460238
76 2810254
275 8430762
138 1080135
-7 1080135
293 2160270
124 283629
cfi=(131)
cfn=(658)
calls=93644 19 
* 432515
* 346012
cfi=(131)
cfn=(658)
calls=93644 19 
* 432515
* 173006
cfi=(131)
cfn=(660)
calls=93644 24 
* 432515
* 259509
+1 86503
-1 86503
cfi=(131)
cfn=(658)
calls=93644 19 
* 432515
* 259509
cfi=(131)
cfn=(658)
calls=93644 19 
* 432515
* 173006
cfi=(131)
cfn=(660)
calls=93644 24 
* 432515
* 259509
+1 625552
447 625552
76 1251104
402 3127760
+45 454583
76 909166
402 2272915
76 10796
402 6326726
57 417704
+36 417704
408 417704
57 417704
+36 417704
-23 835408
+23 835408
-23 835408
413 417704
cfn=(662) insert_freeblock
calls=449438 197 
* 24619018
+1 417704
+39 417704
+8 3341632
-8 667829
+8 9095833
271 7140546
450 56528
cfn=(674) def_coalesce
calls=31155 350 
* 80171979
* 28264
+1 28264
+1 28264
-1 56528
+1 28264
+5 45732
-84 22866
cfi=(131)
cfn=(658)
calls=25335 19 
* 114330
* 45732
cfi=(131)
cfn=(660)
calls=25335 24 
* 114330
* 22866
118 22866
374 22866
+2 45732
cfi=(131)
cfn=(650)
calls=25335 47 
* 1234764
165 22866
cfi=(131)
cfn=(658)
calls=25335 19 
* 114330
* 45732
cfi=(131)
cfn=(660)
calls=25335 24 
* 114330
-72 22866
-23 22866
-13 45732
+36 22866
380 22866
70 45732
386 45732
-1 22866
+1 22866
+1 22866
93 22866
-23 22866
+23 22866
-23 22866
217 22866
cfn=(662)
calls=25335 -20 
* 1722031
458 45732
-22 299478
257 149739
436 150483
118 744
437 744
-64 744
cfi=(131)
cfn=(658)
calls=786 19 
* 3720
118 15209
437 15209
-64 15209
cfi=(131)
cfn=(658)
calls=16108 19 
* 76045
+1 15953
-1 31906
cfi=(131)
cfn=(660)
calls=16894 24 
* 79765
+3 15953
-3 15953
+3 15953
cfi=(131)
cfn=(650)
calls=16894 47 
* 861462
165 15953
cfi=(131)
cfn=(658)
calls=16894 19 
* 79765
* 31906
cfi=(131)
cfn=(660)
calls=16894 24 
* 79765
-72 15953
-23 15953
-13 31906
+36 15953
380 15953
70 31906
386 31906
-1 15953
+1 15953
+1 15953
93 15953
-23 15953
+23 15953
-23 15953
217 15953
cfn=(662)
calls=16894 -20 
* 1318527
461 15953
-23 15953
+23 111671
183 1304886
-90 667829
-36 1335658
+19 1335658
-19 1335658
+19 1335658
426 1335658
299 981572
-5 981572
+5 1424095
125 24120
+61 180972
+2 465904

fn=(662)
197 2776398
76 925466
183 925466
+1 422746
+3 6633816
+13 1388199
+1 925466
-77 165423
cfi=(131)
cfn=(658)
calls=180640 19 
* 827115
* 496269
cfi=(131)
cfn=(658)
calls=180640 19 
* 827115
* 330846
cfi=(131)
cfn=(660)
calls=180640 24 
* 827115
* 496269
+1 165423
-1 165423
cfi=(131)
cfn=(658)
calls=180640 19 
* 827115
* 496269
cfi=(131)
cfn=(658)
calls=180640 19 
* 827115
* 330846
cfi=(131)
cfn=(660)
calls=180640 24 
* 827115
* 827115
+1 330846
+82 165423
+3 992538
-85 594620
+82 297310
+3 1783860
-27 159948
+5 1052043
-1 62496
+1 360354

fn=(676) coalesce_block.constprop.3
305 9830840
76 1228855
-11 1228855
305 2457710
149 1228855
-67 1228855
+67 1228855
-67 1228855
-6 1228855
+6 1228855
+11 1228855
-28 1228855
315 2457710
-4 23844
184 40428
+3 433740
+1 59340
-50 19780
-7 19780
293 39560
138 20648
-7 20648
293 41296
124 84083
cfi=(131)
cfn=(658)
calls=22587 19 
* 102485
* 81988
cfi=(131)
cfn=(658)
calls=22587 19 
* 102485
* 40994
cfi=(131)
cfn=(660)
calls=22587 24 
* 102485
* 61491
+1 20497
-1 20497
cfi=(131)
cfn=(658)
calls=22587 19 
* 102485
* 61491
cfi=(131)
cfn=(658)
calls=22587 19 
* 102485
* 40994
cfi=(131)
cfn=(660)
calls=22587 24 
* 102485
* 61491
+1 30213
-49 30213
+73 90639
-73 30213
+17 30213
-28 30213
315 60426
76 19812
+73 59436
-73 19812
+17 19812
-28 19812
315 77727
76 38103
317 38103
183 76206
76 11922
317 11922
183 23844
-45 9597
+45 9597
-52 9597
+52 9597
293 19194
+1 36464
+5 18232
-5 18232
+5 26748
125 46436
+19 11922
323 11922
144 11922
-79 11922
326 23844
144 1216933
323 1216933
144 1216933
-79 1216933
326 3648192
184 60678
+3 648879
+1 88005
-50 29335
-7 29335
293 58670
138 31343
-7 31343
293 62686
124 101550
cfi=(131)
cfn=(658)
calls=23517 19 
* 105780
* 84624
cfi=(131)
cfn=(658)
calls=23517 19 
* 105780
* 42312
cfi=(131)
cfn=(660)
calls=23517 24 
* 105780
* 63468
+1 21156
-1 21156
cfi=(131)
cfn=(658)
calls=23517 19 
* 105780
* 63468
cfi=(131)
cfn=(658)
calls=23517 19 
* 105780
* 42312
cfi=(131)
cfn=(660)
calls=23517 24 
* 105780
* 63468
+1 32262
-49 32262
+68 64524
-79 32262
326 64524
76 44194
+68 88388
-79 44194
326 88388
76 76456
328 76456
183 152912
-45 15778
+45 31556
-52 15778
293 31556
+1 72518
+5 36259
-5 36259
+5 61412
125 38082
333 3686565
76 36196
335 18098
76 18098
335 36196
+1 36196
57 18098
336 18098
57 18098
+36 18098
-23 18098
+23 18098
-23 18098
340 36196
+4 18098
-4 18098
+4 126686
186 27828
+2 34228
-5 31728
+1 9077
+3 118984
-56 5808
+7 5808
-7 5808
293 11616
131 10056
+7 10056
-7 10056
293 20112
124 17361
cfi=(131)
cfn=(658)
calls=6302 19 
* 27515
* 22012
cfi=(131)
cfn=(658)
calls=6302 19 
* 27515
* 11006
cfi=(131)
cfn=(660)
calls=6302 24 
* 27515
* 16509
+1 5503
-1 5503
cfi=(131)
cfn=(658)
calls=6302 19 
* 27515
* 16509
cfi=(131)
cfn=(658)
calls=6302 19 
* 27515
* 11006
cfi=(131)
cfn=(660)
calls=6302 24 
* 27515
* 16509
+1 15080
+63 41926
-5 20361
344 1210757
-1 1210757
+1 8475299
-29 1216933
-4 3650799
-17 19870
+5 9935
-5 9935
+5 17833
125 852
+61 2236
+2 4302

fn=(752) myrealloc
480 154557
+1 34346
+1 34346
118 17173
257 17173
118 17173
257 34346
76 34346
487 17173
+2 39100
+5 4754
+6 4739
-2 4739
+2 4739
cfn=(676)
calls=6270 305 
* 687790
+1 4739
-1 4739
+1 4739
+1 6702
+8 6410
cfn=(670)
calls=4266 -76 
* 14895478
+1 3205
fi=(163) /usr/include/x86_64-linux-gnu/bits/string3.h
51 6410
fe=(130)
510 3205
fi=(163)
51 3205
cob=(3)
cfi=(141) /build/eglibc-3GlaMS/eglibc-2.19/string/../sysdeps/x86_64/multiarch/memcpy-sse2-unaligned.S
cfn=(766) __memcpy_sse2_unaligned
calls=4266 -26 
* 5908514
* 3205
fe=(130)
+25 3205
472 3205
76 3205
-6 3205
+6 3205
472 3205
cfn=(662)
calls=4266 197 
* 292804
+1 3205
+41 154557
402 123749
57 3005
+36 3005
414 3005
57 3005
+36 3005
-23 6010
408 3005
93 6010
-23 6010
413 3005
cfn=(662)
calls=3974 197 
* 281188
+1 6010
-12 18828
503 1534
fi=(163)
57 3068
fe=(130)
504 1534
fi=(163)
57 1534
cob=(3)
cfi=(139) /build/eglibc-3GlaMS/eglibc-2.19/string/../sysdeps/x86_64/multiarch/memcpy-ssse3-back.S
cfn=(758) __memmove_ssse3_back
calls=2004 -2 
* 2125297
* 1534
fe=(130)
504 1534
-31 5010

fn=(680) myfree
468 5454528
+1 1818176
76 1818176
-6 909088
+6 2727264
183 1818176
+1 599979
+3 8677276
+13 2727264
+1 1818176
-77 724157
cfi=(131)
cfn=(658)
calls=779247 19 
* 3620785
* 2896628
cfi=(131)
cfn=(658)
calls=779247 19 
* 3620785
* 1448314
cfi=(131)
cfn=(660)
calls=779247 24 
* 3620785
* 2172471
+1 724157
-1 724157
cfi=(131)
cfn=(658)
calls=779247 19 
* 3620785
* 2172471
cfi=(131)
cfn=(658)
calls=779247 19 
* 3620785
* 1448314
cfi=(131)
cfn=(660)
calls=779247 24 
* 3620785
* 3620785
473 724157
125 1448314
+82 724157
474 4344942
-1 184931
125 369862
+82 184931
474 1109586
183 1236436
+4 140574
+1 2099466

fn=(674)
350 56528
+1 28264
-1 226112
+3 84792
+1 56528
-1 1611048
+1 1547357
184 10208
+3 158506
+13 25146
+1 16764
-1 6252
+1 4168
-77 7321
cfi=(131)
cfn=(658)
calls=8307 19 
* 36605
* 21963
cfi=(131)
cfn=(658)
calls=8307 19 
* 36605
* 14642
cfi=(131)
cfn=(660)
calls=8307 24 
* 36605
* 21963
+1 7321
-1 7321
cfi=(131)
cfn=(658)
calls=8307 19 
* 36605
* 21963
cfi=(131)
cfn=(658)
calls=8307 19 
* 36605
* 14642
cfi=(131)
cfn=(660)
calls=8307 24 
* 36605
* 36605
+1 14642
+82 7321
-76 7321
354 14642
125 6290
+82 3145
-76 3145
354 6290
131 1208252
354 2416504
+2 2448232
-1 1224116
+1 1224116
cfn=(676)
calls=1484301 -51 
* 61630960
+1 1224116
-1 1224116
+1 1224116
+1 31728
76 20932
183 21964
358 25131
131 10796
354 19588
-2 8792
+2 560884
-2 1121768
+16 254376
187 3652

fl=(67)
fn=(568) run_scripts
cfi=(132)
cfn=(682)
calls=12 95 
184 520436367

fn=(724)
380 1820
+1 280
+1 22521488
+1 22521488
+2 29087830
+3 10090323
cfi=(130)
cfn=(670)
calls=1121147 +46 
* 233416962
* 1121147
+1 8969176
+1 2242294
+1 24665234
+1 1121147
+3 291941
cfi=(130)
cfn=(752)
calls=17173 +85 
* 25036726
* 17173
+1 188903
+1 137384
+1 377806
+1 17173
+3 8181792
cfi=(130)
cfn=(680)
calls=909088 +66 
* 78591623
+1 7272704
+1 7272704
+1 909088
+4 909088
cfi=(131)
cfn=(660)
calls=909088 24 
* 4545440
* 1138320
cfi=(131)
cfn=(660)
calls=1138320 24 
* 5691600
* 10120202
+1 415359
cfi=(131)
cfn=(660)
calls=415359 24 
* 2076795
* 415359
+1 830718
-30 10237600
+34 1680

fn=(282) main
cfn=(568)
calls=1 172 
129 520436367

ob=(2)
fl=(14)
fn=(264)
0 6

fn=(206) 0x0000000004a25560
0 6

ob=(4) /usr/lib/valgrind/vgpreload_core-amd64-linux.so
fl=(49) ???
fn=(210) 0x0000000000000670
0 16

ob=(3)
fl=(62)
fn=(256)
133 7
+4 1
-4 3
+4 3
+82 1
-82 1
+82 1
+1 4
cfi=(63) /build/eglibc-3GlaMS/eglibc-2.19/stdlib/cxa_atexit.c
cfn=(258) __cxa_atexit
calls=1 57 
* 60
+22 6
+3 2
+1 5
cob=(5)
cfi=(59)
cfn=(262)
calls=1 0 
* 55
+4 4
+15 2
+9 2
cfi=(64) /build/eglibc-3GlaMS/eglibc-2.19/setjmp/../sysdeps/x86_64/bsd-_setjmp.S
cfn=(276) _setjmp
calls=1 30 
* 29
+1 2
+5 2
+1 2
+3 2
+3 6
cob=(5)
cfi=(67)
cfn=(282)
calls=1 102 
* 520436367
137 2

fl=(50) /build/eglibc-3GlaMS/eglibc-2.19/csu/../csu/init-first.c
fn=(218) _init
52 8
+6 3
+14 1
fi=(51) /build/eglibc-3GlaMS/eglibc-2.19/csu/../sysdeps/generic/dl-hash.h
-28 1
fe=(50)
+26 1
+1 1
fi=(52) /build/eglibc-3GlaMS/eglibc-2.19/csu/../sysdeps/unix/sysv/linux/x86_64/init-first.c
-33 1
fi=(51)
+7 1
fi=(52)
-7 1
fe=(50)
+34 1
fi=(52)
-34 2
fi=(51)
+5 1
+5 3
+1 2
+13 2
-17 3
+3 9
+1 6
+13 6
-17 9
+22 1
fi=(52)
-29 2
+2 2
-2 1
+2 2
cfi=(44) /build/eglibc-3GlaMS/eglibc-2.19/elf/../sysdeps/unix/sysv/linux/dl-vdso.c
cfn=(178) _dl_vdso_vsym
calls=1 -13 
* 7
+1 2
+5 2
-3 2
+1 1
+2 1
cfi=(44)
cfn=(178)
calls=1 -19 
* 7
fe=(50)
+40 1
fi=(52)
-36 1
fe=(50)
+36 2
fi=(52)
-36 2
+1 2
+1 1
fe=(50)
+34 1
cfi=(53) /build/eglibc-3GlaMS/eglibc-2.19/misc/init-misc.c
cfn=(224) __init_misc
calls=1 -56 
* 47
+8 1
cfi=(55) /build/eglibc-3GlaMS/eglibc-2.19/ctype/ctype-info.c
cfn=(228) __ctype_init
calls=1 -63 
* 16
+5 6
-34 1
-7 1
+7 4
fi=(52)
-23 2
fe=(50)

fl=(40) /build/eglibc-3GlaMS/eglibc-2.19/string/../sysdeps/x86_64/multiarch/strcmp.S
fn=(180) strncasecmp
140 1
+1 1
+4 1
+1 1
+1 1
+2 1
+1 1
+4 1
+1 1
+1 1
+2 1

fn=(170) strcasecmp
114 1
+1 1
+1 1
cfi=(41) /build/eglibc-3GlaMS/eglibc-2.19/csu/../sysdeps/x86_64/multiarch/init-arch.c
cfn=(172) __init_cpu_features
calls=1 -62 
* 74
+3 1
+1 1
+1 1
+2 1
+1 1
+4 1
+1 1
+1 1
+2 1

fl=(64)
fn=(276)
30 1
+2 1
cfi=(65) /build/eglibc-3GlaMS/eglibc-2.19/setjmp/../sysdeps/x86_64/setjmp.S
cfn=(278) __sigsetjmp
calls=1 -6 
* 27

fl=(44)
fn=(178)
27 4
-1 4
+1 4
+4 8
-3 8

fl=(139)
fn=(758)
55 1534
+6 1534
+1 1534
+1 699
+6 835
+1 835
+7 9
+1 9
+1 36
+14 826
+1 826
+1 826
+1 826
+1 826
+1 826
+1 826
+1 826
+1 826
+1 826
+1 826
+4 377
+2 377
+1 377
+1 377
+1 377
+1 377
+1 377
+1 377
+36 449
+1 449
+1 449
+4 449
+2 449
+1 594
+3 297
+1 297
+1 297
+1 297
+1 297
+1 297
+1 297
+1 297
+1 297
+1 297
+1 297
+1 297
+1 297
+1 297
+1 297
+1 297
+1 297
+1 297
+1 297
+1 297
-19 16482
+1 16482
+1 16482
+1 16482
+1 16482
+1 16482
+1 16482
+1 16482
+1 16482
+1 16482
+1 16482
+1 16482
+1 16482
+1 16482
+1 16482
+1 16482
+1 16482
+1 16482
+1 16482
+1 16482
+1 297
+1 297
+1 297
+1 297
+1 1188
803 38726
+1 38726
+1 38726
+1 38726
+1 38726
+1 38726
+1 38726
+1 38726
+1 38726
+1 38726
+1 38726
+1 38726
+1 38726
+1 38726
+1 38726
+1 38726
+1 38726
+1 38726
+1 38726
+1 38726
+1 38726
+1 38726
+1 38726
+1 38726
+1 38726
+1 38726
+1 38726
+1 38726
+1 38726
+1 377
+1 377
+1 377
+1 377
+1 1508
1469 152
+1 152
+1 152
+1 152
+1 152
+1 152
+5 152
+3 152
+1 152
+1 152
+1 152
+1 63
+1 63
+3 89
+1 89
+1 89
+2 89
+1 89
+1 89
+39 89
+2 89
+2 89
+1 89
+1 89
+1 89
+1 89
+1 89
+1 89
+1 89
+1 89
+1 89
+1 89
+1 89
+1 89
+1 89
+1 89
+1 89
+1 89
+1 89
+1 89
+1 89
+1 89
+1 89
+1 89
+1 89
-25 63
+2 63
+1 63
+1 63
+1 63
+1 63
+1 63
+1 63
+1 63
+1 63
+1 63
+1 63
+1 63
+1 63
+1 63
+1 63
+1 63
+1 63
+1 63
+1 63
+1 63
+1 63
+1 63
+1 63
+1 63
-23 25978
+1 25978
+1 25978
+1 25978
+1 25978
+1 25978
+1 25978
+1 25978
+1 25978
+1 25978
+1 25978
+1 25978
+1 25978
+1 25978
+1 25978
+1 25978
+1 25978
+1 25978
+1 25978
+1 25978
+1 25978
+1 25978
+1 25978
+1 25978
+2 152
+1 152
+1 152
+1 608
1682 86
+1 86
+2 86
+1 86
+2 86
+1 86
+2 86
+1 86
+2 86
+1 86
+2 86
+1 86
+2 86
+1 86
+2 86
-18 65
+1 65
+2 65
+1 65
+2 65
+1 65
+2 65
+1 65
+2 65
+1 65
+2 65
+1 65
+2 65
-15 33
+1 33
+2 33
+1 33
+2 33
+1 33
+2 33
+1 33
+2 33
+1 33
+2 33
-12 51
+1 51
+2 51
+1 51
+2 51
+1 51
+2 51
+1 51
+2 51
-9 100
+1 100
+2 100
+1 100
+2 100
+1 100
+2 100
-6 66
+1 66
+2 66
+1 66
+2 66
-3 51
+1 51
+2 93
1967 3
+1 3
+2 3
+1 3
+2 3
+1 3
+2 3
+1 3
+2 3
+1 3
+2 3
+1 3
+2 3
+1 3
+2 3
+1 3
+1 3
+1 3
+1 3
-22 61
+1 61
+2 61
+1 61
+2 61
+1 61
+2 61
+1 61
+2 61
+1 61
+2 61
+1 61
+2 61
+1 61
+1 61
+1 61
+1 61
-19 52
+1 52
+2 52
+1 52
+2 52
+1 52
+2 52
+1 52
+2 52
+1 52
+2 52
+1 52
+1 52
+1 52
+1 52
-16 30
+1 30
+2 30
+1 30
+2 30
+1 30
+2 30
+1 30
+2 30
+1 30
+1 30
+1 30
+1 30
-13 39
+1 39
+2 39
+1 39
+2 39
+1 39
+2 39
+1 39
+1 39
+1 39
+1 39
-10 43
+1 43
+2 43
+1 43
+2 43
+1 43
+1 43
+1 43
+1 43
-7 53
+1 53
+2 53
+1 53
+1 53
+1 53
+1 53
-4 18
+1 18
+1 18
+1 18
+1 18
+4 42
+1 42
+1 42
2279 699

fl=(41)
fn=(172)
54 1
-9 1
+9 1
+3 1
-3 1
+3 5
+95 2
+1 7
+7 3
+24 2
+5 1
+1 1
+2 1
+1 2
-9 4
+1 5
+1 2
31 2
+6 1
-6 1
+7 1
-1 1
+28 1
-27 1
+27 1
-28 1
+2 1
-1 1
+1 1
+26 1
+1 1
-35 4
+35 1
+5 1
-12 1
+12 1
+3 8
+49 1
-64 1
+68 1

fl=(55)
fn=(228)
31 5
+2 1
-2 2
+2 3
+2 5

fl=(45) /build/eglibc-3GlaMS/eglibc-2.19/time/../sysdeps/unix/sysv/linux/x86_64/gettimeofday.c
fn=(182) gettimeofday
31 1
-1 1
fi=(43) /build/eglibc-3GlaMS/eglibc-2.19/time/../sysdeps/generic/dl-hash.h
+14 1
fe=(45)
-13 2
fi=(43)
+14 1
fe=(45)
-14 1
fi=(43)
+12 1
+5 3
+1 2
+13 2
-17 3
+3 9
+1 6
+13 6
-17 9
+22 1
fe=(45)
-36 2
+3 2
-3 1
+3 1
cfi=(44)
cfn=(178)
calls=1 -7 
* 7
+1 3
+1 3

fl=(90)
fn=(656)
81 155276
+1 38819

fl=(54) /build/eglibc-3GlaMS/eglibc-2.19/string/../sysdeps/x86_64/strrchr.S
fn=(226) rindex
24 1
+1 1
+1 1
+1 1
+1 1
+1 1
+1 1
+1 1
+1 1
+1 1
+1 1
+1 1
+1 1
+1 1
+1 1
+1 1
+1 1
+1 1
+1 1
+1 1
+1 1
169 1
+1 1

fl=(46) /build/eglibc-3GlaMS/eglibc-2.19/string/../sysdeps/x86_64/multiarch/memmove.c
fn=(186) memcpy@GLIBC_2.2.5
49 1
-49 12

fl=(65)
fn=(278)
26 1
+9 1
+1 2
+1 1
+4 1
+1 1
+1 1
+1 1
+1 1
+2 2
+2 1
+1 1
+3 2
+2 1
+9 1
cfi=(66) /build/eglibc-3GlaMS/eglibc-2.19/setjmp/sigjmp.c
cfn=(280) __sigjmp_save
calls=1 -35 
* 9

fl=(56) /build/eglibc-3GlaMS/eglibc-2.19/string/../sysdeps/x86_64/multiarch/../cacheinfo.c
fn=(230) init_cacheinfo
550 1
+13 1
-13 1
+13 1
-13 1
+13 1
+7 2
+2 3
cfn=(232) handle_intel
calls=1 306 
* 734
+4 2
-4 1
+4 1
cfn=(232)
calls=1 306 
* 464
+2 1
-2 1
-1 1
+3 1
+29 1
-18 1
+18 3
+7 2
+9 20
-9 12
+6 6
-6 3
+6 2
+49 4
+75 2
+2 1
+1 1
+2 1
-3 1
+5 1
-5 1
+4 3
+4 2
+2 1
+1 1
+2 1
-3 1
+5 1
+2 1
-7 1
+4 2
+3 1
-3 1
+3 2
-93 5
-45 2
+6 5
+7 2
+4 4
+2 4
-6 4
+4 1
-2 1
+2 1
-4 3
+4 1
-2 1
+2 1
+15 2
-8 1
+2 2
+1 1
-1 2
+1 1
+1 1

fn=(234) intel_check_word
162 12
+6 6
-7 12
+7 12
-7 6
+7 12
-7 6
+7 6
+2 6
-2 6
+2 16
+2 5
+2 10
-2 8
+2 16
+8 26
+53 26
fi=(57) /build/eglibc-3GlaMS/eglibc-2.19/string/../bits/stdlib-bsearch.h
27 13
+1 26
+3 26
+1 13
fe=(56)
150 26
fi=(57)
31 42
+1 21
fe=(56)
150 42
+3 84
fi=(57)
29 61
+2 61
-2 61
+2 106
+1 53
fe=(56)
150 106
275 12
+14 2
+6 11
170 22
-6 4
300 16
fi=(57)
37 23
-8 48
fe=(56)
277 2
+2 4
+21 4
-19 2
+19 4

fn=(232)
306 4
-1 4
+17 2
-17 12
+14 2
+1 4
-3 6
+23 10
cfn=(234)
calls=2 162 
* 652
+1 4
+3 10
cfn=(234)
calls=2 162 
* 325
+1 4
+3 5
cfn=(234)
calls=1 162 
* 20
+1 2
+3 5
cfn=(234)
calls=1 162 
* 89
+1 2
-25 4
+5 2
-5 4
+5 2
+2 2
+1 2
-1 4
+27 16

fl=(66)
fn=(280)
29 2
-1 2
+1 2
+5 3

fl=(63)
fn=(258)
57 6
-22 2
cfn=(260) __new_exitfn
calls=2 +38 
* 38
+2 2
+4 1
+3 1
+1 1
-4 2
+2 1
+4 1
+1 1
+11 4

fn=(260)
73 1
+6 2
-6 3
+6 4
+2 4
-7 2
+9 3
-2 1
+10 1
-10 3
+45 1
+1 1
+3 4
+3 5
-21 1
+1 2

fl=(58) /build/eglibc-3GlaMS/eglibc-2.19/elf/dl-altinit.c
fn=(238) dlinit_alt
33 3
+1 1

fl=(141)
fn=(766)
25 3205
+1 3205
+1 3205
+1 3205
+1 3205
+1 3205
+1 3205
+1 3205
+1 3205
+1 3205
+1 3205
+1 3205
+1 3205
+1 3205
+2 3205
+1 3205
+4 3202
+1 3202
+1 3202
+1 3202
+1 3202
+1 3202
+1 3193
+1 3193
+1 3193
+1 3193
+1 3193
+1 3193
+1 3193
+1 3193
+1 3193
+1 3193
+1 3175
+1 3175
+1 3175
+1 3175
+1 3175
+1 3175
+1 3175
+1 3175
+1 3175
+1 3175
+1 3175
+1 3175
+1 3175
+1 3175
+4 3175
+1 3175
+1 3175
+1 3175
+1 3175
+1 3175
+1 3175
+1 3175
+1 3175
+1 3175
+1 3175
-10 520322
+1 520322
+1 520322
+1 520322
+1 520322
+1 520322
+1 520322
+1 520322
+1 520322
+1 520322
+1 520322
+1 3175

fl=(42) /build/eglibc-3GlaMS/eglibc-2.19/time/../sysdeps/unix/sysv/linux/x86_64/time.c
fn=(174) time
37 1
-1 1
fi=(43)
+8 1
fe=(42)
-7 2
fi=(43)
+8 1
fe=(42)
-8 1
fi=(43)
+6 1
+5 3
+1 2
+13 2
-17 3
+3 9
+1 6
+13 6
-17 9
+22 1
fe=(42)
-30 2
+3 2
-3 1
+3 1
cfi=(44)
cfn=(178)
calls=1 -13 
* 7
* 3
+1 3

fl=(53)
fn=(224)
30 4
+1 5
+2 3
cfi=(54)
cfn=(226)
calls=1 -9 
* 23
+4 5
+1 3
+2 4

ob=(1)
fl=(31) /build/eglibc-3GlaMS/eglibc-2.19/elf/dl-misc.c
fn=(100) _dl_name_match_p
288 165
+1 66
cfi=(17) /build/eglibc-3GlaMS/eglibc-2.19/string/../sysdeps/x86_64/multiarch/../strcmp.S
cfn=(50) strcmp
calls=103 131 
* 238
* 33
+1 33
-1 33
+3 33
+2 66
+4 34
-4 68
+1 111
cfi=(17)
cfn=(50)
calls=107 131 
* 657
* 74
-5 3
+11 45
-1 30
+1 120

fn=(132) _dl_sysdep_read_whole_file
45 1
+7 1
-7 3
+7 1
-7 1
+1 1
-1 2
+7 1
cfi=(23) /build/eglibc-3GlaMS/eglibc-2.19/io/../sysdeps/unix/syscall-template.S
cfn=(104) open
calls=1 +29 
* 5
+1 1
-1 1
+1 1
+2 4
cfi=(32) /build/eglibc-3GlaMS/eglibc-2.19/io/../sysdeps/unix/sysv/linux/wordsize-64/fxstat.c
cfn=(112) _fxstat
calls=1 -21 
* 10
* 2
+2 1
+3 1
-3 1
+3 1
+13 2
cfi=(23)
cfn=(118) close
calls=1 +8 
* 5
+3 7
-14 6
cfi=(25) /build/eglibc-3GlaMS/eglibc-2.19/misc/../sysdeps/unix/syscall-template.S
cfn=(68) mmap
calls=1 +19 
* 6
* 2

fl=(25)
fn=(68)
81 45
+1 9

fn=(114) mprotect
81 24
+1 6

fn=(198) munmap
81 4
+1 1

fl=(12) /build/eglibc-3GlaMS/eglibc-2.19/string/../string/memcmp.c
fn=(26) bcmp
315 12
+3 12
-3 60
+4 12
-4 12
+7 24
+4 12
+2 1
+1 1
+1 1
+1 1
+2 2
-5 1
+1 1
+1 1
+1 1
+2 2
+2 2
-9 6
+16 4
+1 8
-1 8
129 14
-18 6
346 4
+4 2
+2 2
-2 4
+1 2
+5 20
+2 9
+1 9
+1 9
+3 96
-3 54
-2 54
+1 54
+4 108
-7 124
+12 9
+1 96
228 2
-7 2
+1 2
+4 2
+2 2
-6 2
+4 2
+2 10
-95 2
+1 2
+1 2
+1 2
+1 2
+48 2
-2 2
+1 2
+1 14
-80 2
+1 4
+4 4
-5 8
+1 16
+4 18
234 2
+2 2
-4 2
+1 2
+4 2
-2 2
+56 4
-2 2
+2 4
-1 2
+1 4
+1 4
+12 12
+1 4
-6 4

fl=(29) /build/eglibc-3GlaMS/eglibc-2.19/elf/dl-error.c
fn=(138) _dl_receive_error
205 10
+1 1
cfi=(2) /build/eglibc-3GlaMS/eglibc-2.19/elf/rtld.c
cfn=(92) _dl_initial_error_catch_tsd
calls=1 798 
* 2
+5 1
-1 1
-4 1
+9 1
+2 1
-3 1
+3 1
cfi=(2)
cfn=(140) version_check_doit
calls=1 657 
* 2900
+2 1
+1 1
+1 8

fn=(90) _dl_catch_error
163 6
+15 3
-3 6
+1 6
-13 6
+14 6
+1 3
+2 3
cfi=(2)
cfn=(92)
calls=3 798 
* 6
+2 3
-1 3
+4 3
-5 3
+2 3
+3 3
-4 3
+4 3
cfi=(30) /build/eglibc-3GlaMS/eglibc-2.19/setjmp/../sysdeps/x86_64/setjmp.S
cfn=(94) __sigsetjmp
calls=3 26 
* 57
* 9
+2 9
cfi=(33) /build/eglibc-3GlaMS/eglibc-2.19/elf/dl-deps.c
cfn=(122) openaux
calls=2 60 
* 7319
cfi=(2)
cfn=(96) map_doit
calls=1 625 
* 2458
+1 6
+2 3
+1 3
-3 3
+1 6
+1 3
+1 3
+8 12

fl=(32)
fn=(112)
34 3
-1 3
+1 3
+1 18
+4 3

fl=(1) ???
fn=(0) 0x00000000000012d0
0 2
cfi=(2)
cfn=(2) _dl_start
calls=1 362 
0 100715
0 14
cfi=(48) /build/eglibc-3GlaMS/eglibc-2.19/elf/dl-init.c
cfn=(202) _dl_init
calls=1 86 
0 1800
0 3
cob=(5)
cfi=(59)
cfn=(242)
calls=1 0 
0 520437517

fl=(20) /build/eglibc-3GlaMS/eglibc-2.19/posix/../sysdeps/unix/syscall-template.S
fn=(58) uname
81 4
+1 1

fl=(19) /build/eglibc-3GlaMS/eglibc-2.19/elf/../sysdeps/unix/sysv/linux/dl-sysdep.c
fn=(56) _dl_discover_osversion
45 7
+2 3
+85 8
-45 3
cfi=(20)
cfn=(58)
calls=1 -6 
* 5
* 1
+15 1
-15 1
+20 1
-1 1
+3 12
+4 3
-2 6
+2 10
+2 1
+1 2
-3 4
+7 3
-1 3
+4 3
-2 3
+2 10
+5 2

fl=(8) /build/eglibc-3GlaMS/eglibc-2.19/elf/../sysdeps/unix/sysv/linux/x86_64/brk.c
fn=(14) brk
31 1
-3 1
+3 6
+8 1
-6 2
+7 1

fl=(15) /build/eglibc-3GlaMS/eglibc-2.19/elf/dl-minimal.c
fn=(40) __libc_memalign
51 88
+1 108
+11 21
+1 21
-1 21
+3 21
-3 21
+3 42
-3 1
+1 1
-1 1
+3 1
-3 1
+3 78
+4 12
+1 9
+6 21
cfi=(25)
cfn=(68)
calls=3 +4 
* 18
+2 15
+4 9
+3 3
+1 3
+2 15
-3 19
+1 19
+2 152
-31 3
+1 1
-2 3

fn=(82) free
121 1
-2 2
+2 1
+7 2

fn=(76) strsep
338 8
+2 4
+1 8
+4 132
+7 366
-2 244
+10 61
-15 185
+18 2
+4 4

fn=(32) calloc
102 8
+7 24
-3 8
+3 16
+4 8
cfn=(36) malloc
calls=8 -20 
* 298
* 8

fn=(36)
93 21
+1 42
cfn=(40)
calls=21 -43 
* 677
* 21

fl=(26) /build/eglibc-3GlaMS/eglibc-2.19/string/../sysdeps/x86_64/rtld-memset.S
fn=(70) memset
30 10
+1 10
+1 10
+1 2144
+1 10
+1 10

fl=(6) /build/eglibc-3GlaMS/eglibc-2.19/elf/dl-lookup.c
fn=(10) _dl_setup_hash
859 12
+4 4
+4 8
+2 4
-1 4
+3 12
+1 4
+1 8
+3 4
-1 4
-2 4
+3 4
+4 8
-2 4
+1 4
+1 8
+1 4

fn=(168) check_match.9458
131 602
+1 172
+2 172
+2 258
-2 172
+12 258
+3 264
cfi=(17)
cfn=(50)
calls=58 -18 
* 1782
* 46
+5 86
-1 86
+1 86
-1 86
+1 86
+2 170
+19 170
+1 680
+46 602
-18 2
+2 2
+1 3
-1 2
+1 1
-1 2
-29 255
cfi=(17)
cfn=(50)
calls=121 -46 
* 7380
* 170

fn=(164) _dl_lookup_symbol_x
714 1104
476 92
714 184
476 276
-1 184
+2 92
-1 92
+1 276
-1 276
+1 1128
-1 1128
+1 3384
-1 3568
716 92
+4 92
+4 92
-8 92
+1 184
+7 262
+5 92
+2 184
-2 92
+6 736
+2 1196
cfn=(166) do_lookup_x
calls=129 82 
* 35784
+3 184
+3 6
-8 24
-7 184
+38 184
+22 86
+1 602
+26 86
+9 430
+14 258
+3 344
+5 86
+2 736
-9 2
-71 42
+16 6
+1 12

fn=(166)
82 828
+1 92
-6 92
+5 276
-5 644
+12 92
229 92
+3 184
-3 92
+3 184
98 92
-3 92
+1 92
+2 92
+3 92
-3 92
+3 92
-3 185
-3 185
+1 185
+2 185
+3 185
-3 185
+3 185
+4 584
+4 544
+4 544
+6 816
+4 544
+1 816
225 272
+1 544
+4 544
-2 272
+5 1088
+4 544
-1 544
+1 272
-1 544
+21 186
+24 372
461 1038
+1 95
cfi=(31)
cfn=(100)
calls=89 288 
* 807
* 114
+3 573
+3 12
286 648
+4 202
+13 86
+1 86
-1 86
+1 86
+1 86
469 736
240 364
-1 182
+2 182
+2 273
+10 282
-7 900
+2 172
+1 344
-1 172
+1 86
-1 344
+1 258
cfn=(168)
calls=123 131 
* 13595
+1 430

fl=(60)
fn=(250)
34 1
+2 1
+1 1
+1 1
+1 1
+1 1
+1 1
+1 1
+1 1
+1 1
+1 1
cfi=(61) /build/eglibc-3GlaMS/eglibc-2.19/elf/../elf/dl-runtime.c
cfn=(252) _dl_fixup
calls=38 +21 
* 911
+1 1
+1 1
+1 1
+1 1
+1 1
+1 1
+1 1
+1 1
+1 1
+2 1

fl=(34) /build/eglibc-3GlaMS/eglibc-2.19/io/../sysdeps/unix/sysv/linux/wordsize-64/xstat.c
fn=(128) _xstat
34 4
-1 4
+1 4
+1 24
+4 1
-4 12

fl=(21) /build/eglibc-3GlaMS/eglibc-2.19/elf/dl-load.c
fn=(78) expand_dynamic_string_token
415 16
+10 6
cfi=(27) /build/eglibc-3GlaMS/eglibc-2.19/string/../sysdeps/x86_64/multiarch/../strchr.S
cfn=(72) index
calls=2 24 
* 70
* 4
161 4
cfi=(9) /build/eglibc-3GlaMS/eglibc-2.19/string/../sysdeps/x86_64/multiarch/../rtld-strlen.S
cfn=(18) strlen
calls=2 26 
* 125
* 2
+1 4
cfi=(15)
cfn=(36)
calls=2 -69 
* 68
* 2
+2 4
+3 6
440 10
167 2
cfi=(16) /build/eglibc-3GlaMS/eglibc-2.19/string/../sysdeps/x86_64/multiarch/../memcpy.S
cfn=(42) memcpy
calls=2 61 
* 78

fn=(108) _dl_map_object_from_fd
923 24
+11 2
-11 2
+11 2
-11 4
+11 2
cfi=(28) /build/eglibc-3GlaMS/eglibc-2.19/elf/dl-debug.c
cfn=(84) _dl_debug_initialize
calls=2 50 
* 16
+4 6
-4 2
+4 2
cfi=(32)
cfn=(112)
calls=2 34 
* 20
* 4
+11 14
+1 6
-1 15
+1 20
+17 4
+25 4
+10 4
+22 8
+32 4
935 2
1059 14
cfi=(13) /build/eglibc-3GlaMS/eglibc-2.19/elf/dl-object.c
cfn=(28) _dl_new_object
calls=2 61 
* 1021
+1 2
-1 2
+1 2
+11 4
+5 2
-5 2
+1 4
+1 2
+2 2
-2 2
+2 8
+1 6
+1 2
+24 4
+8 2
-8 18
+8 2
-8 2
+8 2
+89 2
-95 2
-1 2
+96 2
1092 2
1198 4
+8 10
-96 32
-1 136
+1 104
+6 4
+1 6
+1 2
+3 2
+1 1
+5 20
+6 8
+1 4
-1 16
+8 4
+2 8
-2 4
+1 4
+4 4
-5 8
+1 8
+1 4
+1 4
+3 4
+4 4
-9 4
+2 4
+1 4
+1 4
+1 4
+4 4
+1 6
+5 4
-16 2
+16 10
+10 2
-10 4
-16 2
+16 10
+10 2
+3 3
+5 1
-1 1
+3 1
-1 1
-1 1
+1 1
+3 3
+1 2
+3 2
+4 4
+6 1
cfi=(36) /build/eglibc-3GlaMS/eglibc-2.19/elf/dl-tls.c
cfn=(136) _dl_next_tls_modid
calls=1 50 
* 8
* 2
+1 1
+60 4
+1 6
+1 2
-6 4
+1 8
+8 6
+13 16
+2 4
+14 2
+5 12
cfi=(25)
cfn=(68)
calls=2 81 
* 12
+4 2
-4 2
+4 2
+7 2
+1 2
-1 2
+1 2
+2 2
-3 2
+1 2
+2 2
+10 2
+2 2
+33 12
+1 6
+2 8
+8 16
+6 2
+2 2
-2 2
+1 2
+2 2
-1 2
+1 2
-1 6
+8 4
+3 4
+11 14
cfi=(26)
cfn=(70)
calls=2 30 
* 1908
+1 10
+5 4
+15 4
-74 20
+2 8
+2 16
cfi=(25)
cfn=(68)
calls=2 81 
* 12
* 4
-30 2
-1 10
cfi=(25)
cfn=(114)
calls=2 81 
* 10
* 2
1072 2
1418 8
+9 4
fi=(3) /build/eglibc-3GlaMS/eglibc-2.19/elf/get-dynamic-info.h
38 2
fe=(21)
1427 2
fi=(3)
38 2
+6 2
-2 2
+2 4
+7 2
+5 2
+3 2
-1 2
-3 2
-3 36
+10 8
-18 24
+8 35
+10 35
-18 105
+18 2
-18 6
+2 90
+5 40
+2 8
+16 4
+20 7
+1 8
+1 8
+1 8
+2 8
+5 8
+1 7
+1 8
+6 6
+5 4
+7 4
+1 6
+16 6
+5 1
+2 1
-2 1
+2 1
+2 2
+2 2
+3 6
+10 1
-8 2
+9 2
-1 1
+5 2
+3 4
fe=(21)
1433 4
+16 6
+19 4
+2 10
+55 6
+1 2
+3 2
cfi=(23)
cfn=(118)
calls=1 81 
* 5
* 2
cfi=(23)
cfn=(118)
calls=1 81 
* 5
* 4
+8 10
+3 6
+2 2
-2 2
+2 2
+16 4
cfi=(6)
cfn=(10)
calls=2 859 
* 50
+4 4
+1 4
+17 4
+1 1
+3 1
+5 1
-5 1
+1 2
+4 1
-5 1
+5 1
-5 1
+1 2
+4 1
+10 6
cfi=(13)
cfn=(44) _dl_add_to_namespace_list
calls=2 32 
* 84
+4 8
+20 16
fi=(3)
56 8
+3 8
+1 2
+1 8
fe=(21)
1356 5
+2 1
-1 3
+1 2
-1 1
+1 2
-1 2
+3 4
+43 8
cfi=(25)
cfn=(68)
calls=1 81 
* 6
+3 2
1537 4
474 2

fn=(126) open_verify.constprop.6
1871 50
+38 5
-38 5
+38 10
+21 20
cfi=(23)
cfn=(104)
calls=5 81 
* 41
+1 5
-1 5
+1 5
+10 1
+1 2
+5 6
cfi=(23)
cfn=(106) read
calls=1 81 
* 5
+2 2
+2 1
+2 1
-2 2
+2 1
+6 2
+16 5
cfi=(12)
cfn=(26)
calls=1 315 
* 88
* 2
+2 1
-2 2
+4 4
cfi=(12)
cfn=(26)
calls=1 315 
* 80
-4 2
+75 2
+5 2
+3 4
+5 2
+7 1
+1 1
-1 5
+1 3
+1 1
-2 1
+17 45
+2 17
+4 4
+1 2
+13 1
+1 1
+2 1
-3 1
+1 1
-1 1
+1 1
-2 1
+4 2
+5 1
+1 1
-13 4
cfi=(12)
cfn=(26)
calls=1 315 
* 73
* 4
cfi=(12)
cfn=(26)
calls=1 315 
* 80
* 4
+16 2
+6 1
-3 1
+1 1
+1 1
+1 2
+1 4
-4 1
+1 1
+1 1
-1 3
-1 1
+4 2
+5 4
+23 40

fn=(60) _dl_init_paths
714 1
+13 2
-13 8
+13 3
cfi=(22) /build/eglibc-3GlaMS/eglibc-2.19/elf/dl-hwcaps.c
cfn=(62) _dl_important_hwcaps
calls=1 39 
* 351
+5 1
-5 1
+5 1
cfi=(15)
cfn=(36)
calls=1 93 
* 34
* 1
+1 1
-1 1
-1 1
+2 1
+8 1
-1 1
+1 4
-1 4
+5 2
cfi=(15)
cfn=(36)
calls=1 93 
* 55
* 1
+2 1
-3 1
+3 2
+29 1
-12 1
-10 1
+11 1
+3 2
+8 1
-12 1
+3 2
-14 1
+9 1
+5 3
+9 2
-7 27
cfi=(26)
cfn=(70)
calls=4 30 
* 88
+7 16
-12 3
+12 6
-14 3
+3 6
-1 3
+3 3
-5 3
+6 12
+4 3
-3 3
+3 6
-3 3
-7 6
+25 1
-11 1
+6 1
+1 1
+5 2
+2 4
+2 3
+38 4
+8 3
cfi=(27)
cfn=(72)
calls=1 24 
* 23
* 2
+2 2
cfi=(9)
cfn=(18)
calls=1 26 
* 52
* 8
cfi=(16)
cfn=(42)
calls=1 61 
* 31
* 1
+17 3
-1 2
+3 1
+1 3
+1 1
-4 3
+2 13
+1 39
+1 13
-4 40
+8 1
cfi=(15)
cfn=(36)
calls=1 93 
* 34
* 1
+1 1
-2 1
+2 1
+6 8
cfn=(74) fillin_rpath
calls=1 486 
* 681
+4 3
+6 1
+4 8
-75 1
-2 1
+2 2
+14 2

fn=(74)
486 8
+2 1
-2 9
+5 1
cfi=(15)
cfn=(76)
calls=1 338 
* 237
* 3
+4 4
cfn=(78)
calls=1 -80 
* 162
+2 1
-2 1
+2 1
cfi=(9)
cfn=(18)
calls=1 26 
* 44
+4 1
-4 1
+4 1
+7 6
+34 2
+4 3
+1 3
-1 1
+1 1
-2 1
cfi=(15)
cfn=(36)
calls=1 93 
* 34
* 1
+3 1
-3 1
+3 3
+5 1
+1 3
-2 1
+2 1
cfi=(24) /build/eglibc-3GlaMS/eglibc-2.19/string/../sysdeps/x86_64/memcpy.S
cfn=(66) mempcpy
calls=1 61 
* 31
+3 1
-3 1
+3 1
-2 1
+2 1
+6 4
+1 14
+1 10
+3 1
-1 2
+1 1
+7 1
+1 1
-1 1
+4 3
+2 2
cfi=(15)
cfn=(82)
calls=1 121 
* 6
* 1
* 2
-90 1
cfi=(15)
cfn=(76)
calls=1 338 
* 6
* 2
+94 1
+3 9
-65 18
+1 8
-16 2
+5 2
+3 5
+26 2
+31 2

fn=(98) _dl_map_object
2317 24
+7 3
-7 6
+7 3
+1 6
+3 27
+12 12
-12 18
+5 21
+1 14
+2 21
cfi=(31)
cfn=(100)
calls=7 288 
* 492
* 15
2607 24
2362 4
+10 12
+26 4
-2 2
+2 2
cfi=(27)
cfn=(72)
calls=2 24 
* 46
* 4
2538 6
cfn=(78)
calls=1 415 
* 239
+1 1
-3 1
+4 1
-1 2
+4 6
cfn=(102) open_verify
calls=1 1873 
* 447
+3 1
-3 1
+3 1
+12 8
+2 4
+44 2
+1 16
-1 2
+1 6
cfn=(108)
calls=2 923 
* 4859
* 2
2402 2
cfi=(9)
cfn=(18)
calls=1 26 
* 63
* 1
+2 1
-2 1
+2 1
+7 4
+35 2
+1 15
cfn=(124) open_path
calls=1 2168 
* 730
* 3
+6 6
691 1
2454 1
691 2
2530 2
-95 4
+21 2
+6 4
+2 3
+4 2
cfi=(35) /build/eglibc-3GlaMS/eglibc-2.19/elf/dl-cache.c
cfn=(130) _dl_load_cache_lookup
calls=1 182 
* 1654
+2 1
-2 1
+2 1
+4 3
+8 2
+22 9
cfn=(126)
calls=1 1871 
* 529
+3 3
161 3
cfi=(9)
cfn=(18)
calls=1 26 
* 85
* 1
+1 2
cfi=(15)
cfn=(36)
calls=1 -69 
* 34
* 1
+2 3
+3 4
cfi=(16)
cfn=(42)
calls=1 61 
* 89
2510 1
-1 1
+1 2
-74 7
691 1
2437 1
691 2
2415 1
+8 3
-7 3
-1 1
+8 8
-3 3
691 1
2421 1
691 2
2341 18
+3 2
+2 2
-1 4
+1 2
cfi=(17)
cfn=(50)
calls=2 131 
* 21
* 4

fn=(124)
2168 8
+1 1
-1 5
+7 1
-7 1
+1 1
+6 1
+5 2
-7 1
+7 1
-8 1
+8 3
+74 1
-74 1
+74 1
-22 2
-52 1
+52 3
-40 1
-9 1
+9 1
+7 4
cfi=(24)
cfn=(66)
calls=1 61 
* 31
+1 1
-1 1
+1 3
-13 2
+33 8
-20 3
+3 8
+4 32
cfi=(24)
cfn=(66)
calls=4 61 
* 85
* 16
cfi=(24)
cfn=(66)
calls=4 61 
* 92
* 4
+3 4
+3 8
+3 24
cfn=(126)
calls=4 1871 
* 156
* 4
+2 12
+7 8
+1 36
+6 8
+2 12
-2 4
+2 4
cfi=(34)
cfn=(128)
calls=4 34 
* 49
* 8
+1 1
+2 1
-2 1
+2 8
+7 2
-44 2
+37 6
+7 6
-44 7
+85 5
+7 1
-2 1
+2 3
+3 3
-13 1
+27 11
-72 6

fn=(102)
1873 10
+36 1
-36 2
+36 2
+21 4
cfi=(23)
cfn=(104)
calls=1 81 
* 5
+1 1
-1 1
+1 1
+10 1
+1 2
+5 6
cfi=(23)
cfn=(106)
calls=1 81 
* 5
+2 2
+2 1
+2 1
-2 2
+2 1
+6 2
+16 5
cfi=(12)
cfn=(26)
calls=1 315 
* 88
* 2
+2 1
-2 2
+4 4
cfi=(12)
cfn=(26)
calls=1 315 
* 80
-4 2
+75 2
+5 2
+3 4
+5 2
+7 1
+1 1
-1 4
+1 3
+1 1
+15 61
+2 19
+4 4
+1 2
+13 1
+1 1
+2 1
-3 1
+1 1
-1 1
+1 1
-2 1
+4 2
-7 4
cfi=(12)
cfn=(26)
calls=1 315 
* 80
* 2
-97 3
2154 8

fl=(16)
fn=(42)
61 18
+2 18
+2 18
+3 17
+1 17
+2 4
+1 4
+2 4
+1 4
+5 4
+1 4
-1 13
+1 13
+2 3
+1 3
+2 3
+1 6
+5 3
+1 3
-1 14
+1 14
+2 4
+1 4
+2 4
+1 4
+5 4
+1 4
-1 13
+1 13
+2 11
+1 11
+2 11
+1 11
+5 11
+1 11
-1 6
+1 11
+5 5
+1 5
+1 5
+1 5
+2 5
+2 5
+1 5
+2 5
+8 17
+8 5
+6 5
+2 5
+1 5
+3 2
+1 4
+5 2
+1 2
+2 2
+2 2
+1 2
+2 2
-8 9
+1 9
+2 9
+2 9
+1 9
+2 11
+9 2
+1 2
-1 3
+1 3
+3 5
+1 5
+1 5
+5 4
+2 4
+1 4
+1 4
+1 4
+2 4
+1 4
+1 4
+1 4
+2 4
+1 4
+2 4
+22 5
+6 5
+1 5
+2 1

fl=(33)
fn=(120) _dl_map_object_deps
147 1
+1 1
-1 2
+1 1
-1 1
+1 1
-1 1
+1 2
-1 5
+1 1
-1 1
+1 2
+14 1
-2 1
+1 1
-13 1
+14 1
+6 3
+10 1
-10 1
+10 3
-14 1
-4 1
+2 1
+17 1
-17 1
-2 2
+2 1
-2 1
+2 1
-2 1
+1 1
+1 1
+6 3
+10 1
-10 1
+10 3
-16 3
+20 1
+21 1
+1 1
-22 2
+19 1
-12 1
+15 1
-16 1
+13 1
343 9
209 1
+8 1
-4 1
+4 1
-8 3
+8 3
-4 3
+4 3
+12 8
+2 2
+11 2
-5 2
-6 4
+5 2
+2 4
+1 4
+3 8
-32 2
+32 4
+50 4
+1 3
-51 192
+1 96
+6 10
cfi=(27)
cfn=(72)
calls=2 24 
* 70
* 4
+5 10
-3 2
+3 2
cfi=(29)
cfn=(90)
calls=2 -91 
* 7441
+2 6
+15 2
+2 4
+5 2
+6 2
-6 4
+3 2
+1 2
+1 2
+1 2
+4 10
-2 8
-57 8
-19 2
471 8
+2 6
+3 4
-1 2
cfi=(15)
cfn=(36)
calls=2 93 
* 68
* 2
+2 2
-2 2
+2 2
+3 2
+1 8
+1 2
-1 4
cfi=(16)
cfn=(42)
calls=2 61 
* 41
+1 8
cfi=(16)
cfn=(42)
calls=2 61 
* 41
+4 2
-1 2
+5 16
+3 9
-1 4
+1 8
202 1
497 6
+1 2
+3 5
+11 3
-1 1
cfi=(15)
cfn=(36)
calls=1 93 
* 34
* 1
+3 1
-3 1
+3 1
+5 7
+1 4
+2 9
+6 9
+4 3
-10 3
+10 3
-10 7
+6 3
+4 1
-10 1
+10 1
-10 3
+13 2
+51 6
+2 3
+42 2
+1 1
-1 6
+1 1
cfi=(26)
cfn=(70)
calls=1 30 
* 14
* 1
-2 10
+13 1
-6 1
-1 1
+1 1
+6 2
-13 6
+13 2
-6 2
-1 2
+1 2
+6 6
+2 8
+1 4
-1 4
+1 4
+3 6
-1 9
+23 3
-28 6
+31 9
+3 20
cfi=(26)
cfn=(70)
calls=2 30 
* 18
* 15
217 8
+1 17
+2 2
+2 6
+2 26
658 2
+25 2
+2 1
+1 1
-1 1
+2 3
+7 3
+3 2
+3 8
295 138
623 7
cfi=(16)
cfn=(42)
calls=1 61 
* 28
+2 1
-38 1
+38 2

fn=(122)
60 4
+7 2
-4 6
+1 2
-1 2
+1 2
-1 10
cfi=(21)
cfn=(98)
calls=2 2317 
* 7285
* 2
+5 4

fl=(22)
fn=(62)
39 8
+3 1
-1 1
+1 1
+9 1
-12 3
+3 1
-3 1
+3 1
+9 2
+10 4
+31 2
+23 3
cfi=(23)
cfn=(64) access
calls=1 -34 
* 9
* 2
-2 1
+17 6
+3 2
+29 2
+8 2
+2 4
+1 4
+4 2
+4 1
-3 1
-1 1
+4 1
+3 2
+4 5
+1 1
-1 7
+1 1
+18 12
+1 4
cfi=(15)
cfn=(36)
calls=1 93 
* 34
* 1
+1 1
-1 1
+1 3
+29 1
+3 1
-3 2
+3 1
+28 9
+1 2
-1 2
+1 6
-1 8
+5 6
+3 1
-3 1
+3 2
-3 1
+3 1
-3 2
+3 1
-3 1
+3 2
-3 1
+3 3
+1 12
+1 4
-1 4
+1 8
-2 4
+1 8
-1 14
+4 4
+3 1
+2 2
-1 1
-1 2
+2 10
+13 2
+1 1
-1 1
+3 2
-3 2
+1 1
-1 1
+3 2
+3 3
+3 1
-1 1
+1 7
145 2
-14 2
243 3
cfi=(24)
cfn=(66)
calls=1 61 
* 22
+1 2
-1 2
+1 1
cfi=(24)
cfn=(66)
calls=1 61 
* 22
* 4

fl=(9)
fn=(18)
26 13
+1 13
+1 13
+1 13
+2 7
+1 7
+2 7
+1 7
-1 22
+1 22
+1 28
+1 28
+1 28
+2 24
+5 12
+1 12
+1 12
+1 12
+3 12
-6 4
+1 4
+1 4
+1 4
+3 4
+1 15
+1 15
+1 15
+2 15
+3 13
+1 13
+1 13
+1 13
+3 13
+1 8
+1 8
+1 8
+2 8
+3 6
+1 6
+1 6
+1 6
+3 6
+1 6
+1 6
+1 6
+2 6
+3 6
+1 6
+1 6
+1 6
+3 6
+1 5
+1 5
+1 5
+2 6
+3 1
+2 1
+1 1
-3 11
+2 11
+1 11
+1 11
+2 11
+1 11
+1 11
+2 11
+1 11
+1 9
+2 9
+1 9
+1 8
+2 8
+2 8
+1 8
+1 7
+2 7
+1 7
+1 6
+2 6
+1 6
+1 4
+2 4
+1 4
-1 9
+1 9

fl=(11) /build/eglibc-3GlaMS/eglibc-2.19/elf/dl-environ.c
fn=(24) _dl_next_ld_env_entry
30 3
+3 11
+2 46
+11 21
-13 63
-2 1
+19 1
-14 16
+5 2
-3 2
+3 2
+2 2

fl=(36)
fn=(136)
50 1
+3 3
+48 2
+4 2

fn=(150) _dl_determine_tlsoffset
112 7
+6 3
+3 2
+36 1
-34 1
+34 2
+2 3
-2 1
-2 1
-40 1
-1 1
-1 2
+44 6
+5 1
-1 1
+5 2
-4 1
-1 1
+7 1
-7 1
+3 2
+2 1
+2 1
-2 2
+16 5
+2 1
+1 1
-1 2
+10 1
-12 4
+15 4
+1 1
+51 1
+1 8

fn=(152) _dl_allocate_tls_storage
328 1
+13 1
-13 2
+2 1
+11 2
cfi=(15)
cfn=(40)
calls=1 51 
* 51
* 1
+1 1
-1 1
+1 1
+7 1
+4 306
-58 1
+1 1
-1 1
+1 2
cfi=(15)
cfn=(32)
calls=1 102 
* 43
* 1
+1 2
+9 1
-6 1
+6 1
+64 5

fn=(192) _dl_allocate_tls_init
376 7
+1 1
-1 1
+1 1
+4 2
+3 1
-1 1
-2 1
+8 3
+5 7
+6 7
+22 2
+1 4
+2 2
+9 1
-8 1
+8 2
-8 1
+8 1
+1 1
+1 3
cfi=(24)
cfn=(66)
calls=1 61 
* 23
* 5
cfi=(26)
cfn=(70)
calls=1 30 
* 166
* 3
-42 5
+6 2
+3 1
+1 2
+6 1
+3 1
-3 2
+3 1
-1 2
+38 2
+2 1
+1 8

fn=(190) _dl_add_to_slotinfo
831 3
+9 1
-9 1
+6 2
+8 5
+41 1
+1 3
+1 4

fl=(61)
fn=(252)
66 2
+6 2
-6 3
+3 1
-1 1
+1 1
+3 1
+1 1
-1 2
+1 5
+1 1
-1 1
+1 2
+5 2
+4 2
+4 3
+4 2
+1 4
+2 4
+7 3
-1 1
+8 2
+3 9
cfi=(6)
cfn=(164)
calls=38 714 
* 828
* 1
+4 3
+4 4
+6 6
+16 1
-8 1
+8 3
+4 3
fi=(5) /build/eglibc-3GlaMS/eglibc-2.19/elf/../sysdeps/x86_64/dl-machine.h
+65 1
fe=(61)
-61 5

fl=(23)
fn=(64)
81 12
+2 15

fn=(106)
81 8
+1 2

fn=(118)
81 12
+1 3

fn=(104)
81 28
+1 3
+1 20

fl=(2)
fn=(96)
625 2
+2 7
cfi=(21)
cfn=(98)
calls=1 2317 
* 2446
* 1
+2 2

fn=(140)
657 2
+2 4
cfi=(37) /build/eglibc-3GlaMS/eglibc-2.19/elf/dl-version.c
cfn=(142) _dl_check_all_versions
calls=1 380 
* 2890
* 2
+4 2

fn=(154) security_init
851 2
+2 1
fi=(38) /build/eglibc-3GlaMS/eglibc-2.19/elf/../sysdeps/unix/sysv/linux/dl-osinfo.h
61 2
+23 2
+2 1
+7 1
fe=(2)
855 1
+6 2
+2 1
fi=(38)
101 2
+11 1
fe=(2)
866 1
+2 1
+6 1
+1 3

fn=(48) rtld_lock_default_unlock_recursive
844 6

fn=(2)
362 9
+18 4
fi=(3)
44 1
fe=(2)
380 1
fi=(5)
58 3
fi=(3)
-14 1
fe=(2)
409 1
-3 1
fi=(3)
44 1
+17 2
-3 1
-7 1
+5 1
+3 1
+2 1
-3 1
-3 1
-3 2
-5 26
+15 13
-18 39
+18 1
-18 3
+2 36
+5 20
+1 16
+10 4
-18 12
+25 2
+20 4
+1 4
+1 4
+1 4
+2 4
+5 4
+1 4
+1 4
+6 3
+5 2
+7 3
+1 3
+8 3
+2 3
+3 2
+1 2
fe=(2)
537 2
+7 1
285 2
+12 2
cfi=(6)
cfn=(10)
calls=1 859 
* 25
+1 2
+1 2
+1 2
+1 2
+21 1
+10 1
-10 3
+10 1
-6 1
-4 1
+10 1
cfi=(7) /build/eglibc-3GlaMS/eglibc-2.19/elf/../elf/dl-sysdep.c
cfn=(12) _dl_sysdep_start
calls=1 86 
* 99895
* 1
+9 4
+3 1
+4 1
-4 1
+4 1
569 9
fi=(3)
53 4
+3 4
fe=(2)
542 34
fi=(4) /build/eglibc-3GlaMS/eglibc-2.19/elf/do-rel.h
84 1
+27 1
-28 1
+28 2
+1 2
fi=(5)
492 2
fi=(4)
112 18
fi=(5)
492 18
+1 20
fi=(4)
111 20
fi=(5)
493 10
fi=(4)
111 10
+5 2
+8 1
fi=(5)
287 1
fi=(4)
124 2
+13 1
+2 2
-2 1
fi=(5)
241 1
fi=(4)
137 1
fi=(5)
269 1
fi=(4)
137 2
fi=(5)
269 1
fi=(4)
137 8
+2 16
-2 8
fi=(5)
241 8
fi=(4)
137 8
fi=(5)
269 8
fi=(4)
137 16
fi=(5)
269 8
+9 18
+3 9
-3 18
+3 27
+6 54
fi=(3)
59 4
+1 1
+1 2
fe=(2)
285 73
fi=(5)
391 9
+9 9
fi=(4)
124 28
fe=(2)

fn=(22) dl_main
891 1
+19 1
-19 9
+19 1
+3 1
2492 1
891 1
2492 1
913 1
+4 1
-26 1
+26 1
+1 2
+5 2
2485 2
+7 1
-4 1
+4 1
-5 1
+5 9
+2 2
cfi=(11)
cfn=(24)
calls=1 30 
* 58
* 4
cfi=(11)
cfn=(24)
calls=2 30 
* 112
* 9
+4 48
+1 19
-1 57
+3 4
+6 16
+76 4
cfi=(12)
cfn=(26)
calls=1 315 
* 120
* 2
+2 3
-55 4
cfi=(12)
cfn=(26)
calls=1 315 
* 26
* 2
2660 3
+33 3
933 4
1132 7
cfi=(13)
cfn=(28)
calls=1 61 
* 248
+2 1
-2 1
+2 1
+1 1
+1 1
+5 2
-5 1
+1 3
+4 1
cfi=(13)
cfn=(44)
calls=1 32 
* 34
+1 2
900 1
1171 1
-3 1
-5 1
+1 1
+2 1
+5 6
+56 2
897 1
1227 2
-55 24
-1 27
+1 47
-1 2
1274 3
+3 2
+2 2
+2 2
+13 3
+1 8
cfi=(17)
cfn=(50)
calls=1 131 
* 7
* 3
+7 1
+3 1
-5 1
+3 1
+2 1
+1 2
+4 2
+2 2
fi=(3)
29 1
+9 2
+6 1
-2 1
+2 2
+7 1
+5 1
+3 1
+2 1
-3 1
-3 1
-3 14
+10 3
-18 9
+8 19
+10 19
-18 57
+18 1
-18 3
+2 46
+5 16
+2 4
+16 3
+38 3
+5 2
+7 2
+1 3
+16 3
+14 3
+18 2
fe=(2)
1317 2
cfi=(6)
cfn=(10)
calls=1 859 
* 25
+3 4
fi=(18) /build/eglibc-3GlaMS/eglibc-2.19/elf/setup-vdso.h
24 2
fe=(2)
1342 1
cfi=(19)
cfn=(56)
calls=1 45 
* 93
* 8
1176 3
+1 1
+90 2
+1 2
+1 1
-6 2
+1 1
-37 2
-1 2
+1 4
-1 2
+2 4
+1 1
+3 2
+1 2
-1 2
+1 2
+1 2
+1 6
+1 2
-43 1
-2 2
+27 1
-25 1
+7 2
-10 1
+10 1
-19 3
+1 1
fi=(3)
56 4
+3 4
+1 1
+1 3
fe=(2)
2537 4
cfi=(12)
cfn=(26)
calls=1 315 
* 80
* 2
+2 3
1347 2
cfi=(21)
cfn=(60)
calls=1 714 
* 1690
+3 3
cfi=(28)
cfn=(84)
calls=1 50 
* 17
+7 1
-7 1
+2 1
+5 1
+3 3
+1 1
+3 1
-3 3
+1 2
+3 1
+5 1
-7 1
+7 1
+1 5
+4 1
+4 1
-2 4
+1 2
+1 3
+5 2
+1 6
+2 2
+1 2
+5 2
+5 3
906 1
1579 3
+3 2
+4 3
+5 2
+1 1
cfi=(28)
cfn=(86) _dl_debug_state
calls=1 74 
* 1
+5 3
+15 3
+4 3
+31 3
cfi=(23)
cfn=(64)
calls=1 81 
* 9
* 2
+77 4
+17 3
+1 1
-1 1
+1 2
-1 1
+1 5
cfi=(33)
cfn=(120)
calls=1 147 
* 8813
+1 1
+5 1
-5 3
+2 2
+3 4
+1 4
-1 2
+1 12
-1 6
+4 3
+1 3
+1 1
+2 2
+1 5
-1 4
+1 4
-1 6
-28 1
+1 1
-1 7
+4 1
+1 1
-1 1
+2 2
+1 2
+35 1
-1 2
+1 1
+2 1
+2 3
+2 1
-4 2
+5 1
-1 2
+14 2
+1 2
+1 3
+12 1
+1 1
-2 1
+2 1
-2 1
+2 1
-2 1
+2 1
-2 1
+2 1
cfi=(29)
cfn=(138)
calls=1 205 
* 2930
+10 1
+1 1
-1 1
+1 1
+1 1
cfn=(148) init_tls
calls=1 724 
* 615
* 1
+2 2
+3 1
cfn=(154)
calls=1 851 
* 22
+2 2
2054 3
+56 1
+4 1
+7 1
-11 1
+4 3
+4 2
+3 1
+8 2
+95 4
+1 1
+5 2
cfi=(36)
cfn=(192)
calls=1 376 
* 275
+4 2
+14 3
+2 2
+29 1
cfi=(7)
cfn=(194) _dl_sysdep_start_cleanup
calls=1 256 
* 1
+4 3
+20 3
cfi=(28)
cfn=(84)
calls=1 50 
* 8
+1 1
+1 1
cfi=(28)
cfn=(86)
calls=1 74 
* 1
+5 1
cfi=(35)
cfn=(196) _dl_unload_cache
calls=1 309 
* 15
+5 8
-65 2
+15 1
+3 1
-3 1
+3 1
-3 2
+3 2
-3 1
+2 1
+1 1
cfi=(39) /build/eglibc-3GlaMS/eglibc-2.19/elf/dl-reloc.c
cfn=(158) _dl_relocate_object
calls=1 154 
* 6295
+1 4
+2 3
-96 3
+7 1
+2 11
+2 1
+2 12
+5 8
+2 8
+8 4
-2 4
+2 8
+1 24
cfi=(39)
cfn=(158)
calls=3 154 
* 73285
+4 14
-22 12
+25 4
+2 1
+6 1
-6 1
+6 1
-22 1
+1 1
-3 2
+14 2
cfi=(36)
cfn=(190)
calls=1 831 
* 20
* 1
-69 1
899 2
1767 2
+21 3
1623 2
cfi=(9)
cfn=(18)
calls=1 26 
* 96
* 8
cfi=(16)
cfn=(42)
calls=1 61 
* 74
* 1
+3 5
-12 1
+12 1
+3 3
cfi=(15)
cfn=(76)
calls=1 338 
* 765
* 3
cfi=(15)
cfn=(76)
calls=1 338 
* 6
* 6
+1 2
+1 3
+2 4
cfn=(88) do_preload
calls=1 804 
* 2547
* 2
1336 3
1635 1
+1 1
-1 3
+1 1
+1 3

fn=(92)
798 8

fn=(46) rtld_lock_default_lock_recursive
838 6

fn=(88)
804 1
+12 1
-12 5
+10 1
-4 1
+1 1
+5 4
-10 1
+6 1
+4 1
cfi=(29)
cfn=(90)
calls=1 163 
* 2519
+1 3
+8 3
+6 5

fn=(148)
724 1
-1 1
-6 1
+2 2
+4 1
+10 4
cfi=(15)
cfn=(32)
calls=1 102 
* 43
* 1
+11 1
-15 1
+3 1
+6 1
+2 1
-11 1
+15 1
+2 1
-1 1
+1 10
+2 8
+4 1
+2 1
-2 2
-5 8
+9 3
+3 1
cfi=(36)
cfn=(150)
calls=1 112 
* 73
+7 1
cfi=(36)
cfn=(152)
calls=1 328 
* 428
+1 1
-1 1
+1 1
+6 1
+8 1
-8 1
+8 6
+4 1
+2 1
+1 2

fl=(48)
fn=(204) call_init.part.0
34 32
+8 4
-8 4
+11 4
-3 8
+3 12
+5 9
+5 4
+8 4
+1 12
cob=(3)
cfi=(50)
cfn=(218)
calls=1 -12 
* 180
cob=(2)
cfi=(14)
cfn=(206)
calls=1 -64 
* 6
+3 2
+1 4
+6 2
+2 4
-2 4
+3 10
+1 8
cob=(3)
cfi=(56)
cfn=(230)
calls=1 550 
* 1342
cob=(4)
cfi=(49)
cfn=(210)
calls=1 -78 
* 16
* 4
cob=(3)
cfi=(58)
cfn=(238)
calls=1 -45 
* 4
* 3
-1 6
+3 18
-29 2
+29 6
-34 3

fn=(202)
86 11
+1 1
+1 1
+3 3
+7 4
+27 15
+1 12
-90 20
cfn=(204)
calls=3 -2 
* 1640
* 3
+96 8
-96 3
cfn=(204)
calls=1 -2 
* 77
+58 2

fl=(30)
fn=(94)
26 3
+9 3
+1 6
+1 3
+4 3
+1 3
+1 3
+1 3
+1 3
+2 6
+2 3
+1 3
+3 6
+2 3
+4 3
+1 3

fl=(27)
fn=(72)
24 7
+1 7
+1 7
+1 7
+1 7
+1 7
+1 7
+1 7
+1 7
+1 7
+1 7
+1 7
+1 7
+1 7
+1 7
+1 7
+1 7
+1 5
+4 5
+1 5
+1 5
+1 5
+2 5
+4 2
+1 2
+1 2
+1 2
+1 2
+1 2
+1 2
+1 2
+1 2
+1 2
+1 2
+1 2
+1 2
+1 2
+1 2
+1 2
+1 2
+1 2
+1 2
+1 2
+1 2
+1 2
+1 2
+1 2
+52 2
+4 2
+1 2
+1 2
+1 2
+2 2

fl=(28)
fn=(84)
50 8
+5 6
+5 2
-1 1
+1 2
+1 2
-1 2
-9 4
+4 8
+4 1
-1 1
-58 4

fn=(86)
74 2

fl=(10) /build/eglibc-3GlaMS/eglibc-2.19/elf/../misc/sbrk.c
fn=(20) sbrk
34 4
+8 6
+4 2
+11 5

fl=(7)
fn=(12)
86 7
+25 1
-1 1
+1 1
-25 1
+25 78
+6 1
-3 1
+1 1
-4 1
+3 1
+3 4
+1 6
-1 3
-29 1
-1 2
+31 105
-1 82
fi=(19)
-82 2
cfi=(8)
cfn=(14)
calls=1 -4 
* 12
fi=(5)
200 5
fe=(7)
+34 2
cfi=(10)
cfn=(20)
calls=1 34 
* 17
* 3
+12 3
+3 6
cfi=(2)
cfn=(22)
calls=1 891 
* 99477
+1 1
+1 8
151 1
+1 1
+27 1
+1 1
-17 1
+1 1
-7 1
+1 1
-4 1
+1 1
-25 1
+1 1
-4 1
+1 1
-7 1
+1 1
+2 1
+1 1
232 1
cfi=(9)
cfn=(18)
calls=1 26 
* 41
* 2

fn=(194)
256 1

fl=(24)
fn=(66)
61 15
+4 15
+3 14
+1 14
+2 5
+1 5
+2 5
+1 5
+5 5
+1 5
-1 9
+1 9
+2 10
+1 10
+2 10
+1 10
+5 10
+1 10
-1 4
+1 4
+2 5
+1 5
+2 5
+1 5
+5 5
+1 5
-1 9
+1 9
+2 7
+1 7
+2 7
+1 14
+5 7
+1 7
-1 7
+1 9
+5 2
+1 2
+1 2
+1 2
+2 2
+2 2
+1 2
+2 2
+6 14
+4 14
+12 2
+2 2
+1 2
+26 2
+1 2
+3 2
+1 2
+1 2
+5 2
+2 2
+1 2
+1 2
+1 2
+2 2
+1 2
+1 2
+1 2
+2 2
+1 2
+2 2
+22 2
+2 2
+2 1
+7 1

fl=(13)
fn=(44)
32 6
+2 3
-2 9
+2 3
cfi=(2)
cfn=(46)
calls=3 838 
* 6
+2 22
+4 3
-1 15
+2 2
+2 2
+4 2
+4 2
-4 4
+1 4
+1 4
+2 2
+1 6
-1 2
cfi=(2)
cfn=(48)
calls=2 844 
* 4
-4 1
+4 1
-4 2
+1 2
+1 2
+2 1
+1 3
-1 1
cfi=(2)
cfn=(48)
calls=1 844 
* 2
-5 2

fn=(28)
61 42
+1 3
cfi=(9)
cfn=(18)
calls=3 -36 
* 154
+6 3
-6 12
+6 33
+7 12
cfi=(15)
cfn=(32)
calls=3 +27 
* 134
* 3
+3 3
-3 3
+3 3
+4 3
+5 6
-6 3
+6 3
-5 3
+4 6
+1 3
cfi=(16)
cfn=(42)
calls=3 -26 
* 88
* 3
+10 6
-8 3
+9 3
-1 6
+1 6
-1 3
+1 6
+3 3
-3 3
+3 3
+9 3
-7 3
+4 3
+3 8
+2 2
-2 2
+2 30
-2 30
+12 3
+6 3
-5 3
-1 3
+6 9
-2 3
+2 6
+2 6
+3 7
+4 6
+4 6
+2 1
+6 1
+3 2
+3 5
-3 4
+3 10
+2 2
+4 2
-4 2
cfi=(9)
cfn=(18)
calls=2 26 
* 144
* 4
+4 2
-4 2
+4 6
+64 4
+4 24
-88 6
-39 7
+39 3
+70 6
cfi=(24)
cfn=(66)
calls=2 61 
* 71
* 2
+5 40
+1 40
-1 40
+1 42
-1 2
+1 6
+5 4
-57 4
cfi=(15)
cfn=(36)
calls=2 -72 
* 68
* 2
+1 2
-1 2
+1 6

fl=(39)
fn=(158)
154 40
+15 4
-15 8
+15 4
+1 16
+6 8
+6 12
-18 8
+22 8
+7 8
-32 4
+77 4
fi=(5)
71 4
fe=(39)
238 8
fi=(5)
71 12
fe=(39)
264 180
-99 15
fi=(5)
276 24
fe=(39)
-12 3
fi=(4)
48 3
fe=(39)
264 3
fi=(4)
58 3
fe=(39)
264 3
fi=(4)
47 6
+11 6
fe=(39)
264 1
-99 5
fi=(5)
276 8
fe=(39)
-12 1
fi=(4)
48 1
fe=(39)
264 1
fi=(4)
58 1
fe=(39)
264 1
fi=(4)
47 2
+11 2
fe=(39)
264 4
fi=(4)
48 4
fe=(39)
264 4
fi=(4)
58 4
fe=(39)
264 4
fi=(4)
47 8
+11 8
+3 12
fi=(5)
503 102
+4 102
+2 153
+1 51
fi=(4)
61 165
+2 168
+2 17
-4 3
+13 6
+1 5
+1 10
fi=(5)
503 5
+24 5
fi=(4)
75 5
fi=(5)
527 5
+2 5
cob=(3)
cfi=(46)
cfn=(186)
calls=1 49 
* 13
cob=(3)
cfi=(45)
cfn=(182)
calls=1 31 
* 68
cob=(3)
cfi=(40)
cfn=(180)
calls=1 140 
* 11
cob=(3)
cfi=(42)
cfn=(174)
calls=1 37 
* 68
cob=(3)
cfi=(40)
cfn=(170)
calls=1 114 
* 86
fi=(4)
75 5
fi=(5)
530 5
fi=(4)
75 7
fe=(39)
264 3
fi=(4)
75 7
fe=(39)
264 21
+3 12
+28 4
+3 8
+17 12
+2 32
fi=(4)
84 5
+2 10
+12 5
-15 5
+15 5
-15 5
+15 5
+10 6
+3 8
fi=(5)
487 2
fi=(4)
112 4
fi=(5)
487 1196
fi=(4)
112 2384
fi=(5)
487 2384
+5 2388
+1 2388
fi=(4)
111 2388
fi=(5)
493 1194
fi=(4)
111 1194
+7 15
+3 4
+3 4
-3 4
+3 4
fi=(5)
422 3
fi=(4)
50 3
fi=(5)
422 3
fi=(4)
51 3
fi=(5)
422 12
fi=(4)
127 400
+9 200
+3 200
fi=(5)
244 100
fi=(4)
138 100
-2 100
+1 400
fi=(5)
244 100
+21 200
+4 200
+7 1915
fi=(4)
137 80
+1 80
fi=(5)
276 160
fi=(4)
137 80
fi=(5)
276 264
fi=(4)
137 6
+1 6
fi=(5)
276 12
fi=(4)
137 6
fi=(5)
276 1136
cfi=(6)
cfn=(164)
calls=86 714 
* 50622
* 430
+2 267
+3 98
-3 196
+3 294
+6 700
fe=(39)
183 8
+81 5
fi=(5)
77 6
+4 9
+14 3
-8 3
+8 6
+13 6
+3 12
410 252
fi=(4)
124 312
+19 6
fi=(5)
276 33
382 30
+4 50
+5 50
-71 2
+1 3
449 15
+4 30
cfi=(16)
cfn=(42)
calls=5 61 
* 90
+2 15
+1 5
fi=(4)
108 3
fe=(39)
323 8
+1 4
+1 4
-1 4
-1 8
+2 4
+3 8
+1 12
cfi=(25)
cfn=(114)
calls=4 81 
* 20
* 8
fi=(4)
160 8
+2 20
+8 10
+1 5
-1 5
+1 5
fi=(5)
+73 5
fi=(4)
-74 10
fi=(5)
+74 5
+21 10
+4 10
+7 135
cfi=(6)
cfn=(164)
calls=5 714 
* 2504
* 20
+2 15
+3 1
-3 2
+3 3
+6 35
410 15
fi=(4)
160 15
+14 5
fi=(5)
276 86
fe=(39)

fl=(37)
fn=(142)
380 6
+4 4
-2 2
+4 28
cfn=(144) _dl_check_map_versions
calls=4 174 
* 2815
-2 4
+2 12
-1 4
-1 8
+5 7

fn=(144)
174 36
+15 4
-15 8
+15 8
+2 4
+3 4
-3 4
+2 4
+1 4
+2 4
-3 4
+3 4
+3 8
+4 12
+17 2
56 2
220 2
56 2
220 2
56 10
+1 5
-1 10
+2 21
cfi=(31)
cfn=(100)
calls=7 288 
* 510
* 16
228 6
+5 14
+19 3
-15 79
cfn=(146) match_symbol
calls=3 76 
* 566
* 6
cfn=(146)
calls=2 76 
* 306
* 5
+7 20
+3 17
+9 8
-73 2
-8 2
+95 12
+3 6
+10 26
-7 104
+3 78
-3 8
+3 6
+8 4
+86 4
-86 4
+87 8
-81 12
cfi=(15)
cfn=(32)
calls=3 102 
* 150
* 3
+1 3
-2 3
+2 3
+11 3
-3 3
+3 6
+2 9
+3 8
+4 6
+18 3
-15 9
+2 9
-2 6
+2 6
+2 5
+1 5
-1 10
+1 5
-1 5
+1 5
+1 5
-2 5
+2 10
+1 15
+3 15
+8 6
+10 9
+3 8
+20 26
-14 26
-2 26
+2 28
-2 2
+2 2
+4 26
+2 26
-1 52
+1 26
-1 78
+1 26
+1 26
+3 84
+10 3
-1 3
+1 21

fn=(146)
76 55
+9 5
-8 5
-1 10
+1 5
+8 5
+6 15
+15 5
+1 10
+2 5
+5 10
+14 72
+12 93
+4 31
-30 62
+16 5
+3 20
cfi=(17)
cfn=(50)
calls=5 -2 
* 409
* 10
+35 40

fl=(17)
fn=(50)
131 186
+1 186
+1 186
+1 125
+1 125
+1 125
+1 125
cfn=(51) strcmp'2
calls=198 -6 
* 9192
+5 61
+1 61
+1 61
+1 61

fn=(51)
131 1280
+1 1280
+1 1280
+1 1271
+1 1271
+1 1271
+1 1271
cfn=(51)
calls=1732 -6 
* 50330
+2 116
+1 116
+2 9
+1 9
+1 9
+1 9

fl=(35)
fn=(196)
309 4
-1 1
+3 2
cfi=(25)
cfn=(198)
calls=1 81 
* 5
+1 1
+2 2

fn=(130)
182 8
+8 2
+3 3
+51 3
+9 1
+6 2
-6 3
+6 1
cfi=(23)
cfn=(64)
calls=1 81 
* 9
* 1
+4 1
-10 1
+10 3
+15 151
cfn=(134) _dl_cache_libcmp
calls=9 138 
* 637
* 38
-82 4
cfi=(31)
cfn=(132)
calls=1 45 
* 67
+8 1
-8 1
+8 4
+1 4
cfi=(12)
cfn=(26)
calls=1 315 
* 112
* 2
+7 1
-3 1
+3 3
+3 1
+1 2
-1 1
+1 1
+1 3
cfi=(12)
cfn=(26)
calls=1 +98 
* 111
* 2
+2 2
+59 38
cfn=(134)
calls=2 138 
* 217
* 3
cfn=(134)
calls=1 138 
* 145
* 8
-14 4
+14 1
-14 2
-1 3
+15 32
+16 2
+5 9
-21 3

fn=(134)
138 36
+1 30
+2 132
+2 66
-2 66
+2 6
+6 3
+2 3
-1 3
-1 3
+1 3
-1 3
+2 9
+2 15
+2 6
+6 126
+2 234
+4 54
+1 54
-29 108
+32 6
+1 6
-8 9
+8 18

totals: 520540051
